 x =
         574         592         664         667         718         770         927

         947        1020        1096        1277        1323        1330        1599

        1639        1787        1790        1794        1874        2049        2132

        2160        2292        2312        2475        2489        2490        2577
 
        2766        2812        2893        2957        3052        3151        3161

        3266        3386        3452        3521        3543        3676        3741
 
        3844        3878        4002        4114        4152        4252        4290

        4331        4332        4390        4393


y =

   21.9000   18.6000   18.6000   19.1000   19.2000   16.9000   18.3000   17.2000   19.0000

   19.0000   18.6000   22.8000   24.6000   24.9000   29.2000   32.0000   27.9000   31.0000

   30.7000   35.4000   36.1000   39.1000   42.6000   39.9000   46.2000   50.9000   46.5000

   46.3000   55.8000   54.5000   63.5000   60.3000   64.8000   69.2000   74.7000   72.9000

   80.4000   83.0000   86.0000   88.9000   96.8000   89.1000  100.9000  103.0000  113.4000

   111.4000  119.9000  127.2000  126.4000  135.5000  138.9000  143.7000  144.8000
