x =

       2310.00       2298.00       2490.00       2346.00       2011.00       2310.00

       2633.00       2609.00       2550.00       2609.00       2609.00       2262.00

       2203.00       2286.00       2478.00       2203.00       1784.00       2107.00

       2310.00       2358.00       2370.00       2023.00       2107.00       2215.00

       2059.00       2011.00       2167.00       2179.00       2083.00       1987.00

       1927.00       1868.00       1891.00       1987.00       2071.00       2059.00

       1951.00        515.00       2322.00       2502.00       2358.00       2191.00

       2047.00       1951.00       1903.00       1736.00       2753.00       2478.00

       2131.00       1353.00       1724.00       1903.00       2023.00       2143.00

       2322.00       2430.00       1293.00       1377.00       1413.00       1532.00

       1616.00       1784.00       1856.00       1975.00       1509.00       1652.00

       1820.00       1497.00       1604.00       1796.00       2143.00       2143.00

       1293.00       1461.00       1521.00       1664.00       2071.00       1796.00

       1712.00       1616.00       1592.00       1197.00       1353.00       1365.00

       1174.00       1293.00       1377.00       1401.00       1449.00       1006.00

       1066.00       1102.00       1138.00       1233.00       1209.00       1030.00

       1078.00       1353.00       1544.00       1736.00       1688.00       1676.00

       1401.00       1042.00       1090.00       1090.00       1078.00       1126.00

       1162.00        862.00        683.00        611.00        587.00        515.00

        432.00        324.00        731.00        695.00        635.00        563.00

y =

       4144.00       4070.00       3967.00       3878.00       3759.00       3804.00

       3922.00       3804.00       3700.00       3715.00       3626.00       3656.00

       3611.00       3581.00       3537.00       3493.00       3478.00       3419.00

       3404.00       3404.00       3463.00       3389.00       3315.00       3300.00

       3256.00       3196.00       3226.00       3152.00       3137.00       3107.00

       3107.00       3122.00       3019.00       3019.00       3004.00       2944.00

       2944.00        974.00       3078.00       3004.00       2930.00       2826.00

       2796.00       2781.00       2856.00       2856.00       3759.00       3419.00

       3048.00       2767.00       2648.00       2619.00       2678.00       2678.00

       2722.00       2737.00       2559.00       2589.00       2633.00       2589.00

       2604.00       2544.00       2544.00       2574.00       2441.00       2470.00

       2426.00       2367.00       2322.00       2307.00       2322.00       2204.00

       2248.00       2204.00       2204.00       2189.00       1967.00       2011.00

       1981.00       2041.00       2159.00       2219.00       2174.00       2100.00

       2100.00       2026.00       2011.00       1922.00       1907.00       1937.00

       1937.00       1922.00       1893.00       1848.00       1937.00       2056.00

       2011.00       1848.00       1670.00       1656.00       1537.00       1478.00

       1419.00       1522.00       1537.00       1581.00       1641.00       1730.00

       1685.00       1641.00       1670.00       1611.00       1730.00       1700.00

       1685.00       1700.00       1211.00       1093.00        974.00       1004.00

ugpoly =

       2574.00       4189.00
       2574.00       4204.00
       2562.00       4219.00
       2526.00       4219.00
       2514.00       4233.00
       2346.00       4233.00
       2334.00       4248.00
       2322.00       4248.00
       2310.00       4233.00
       2298.00       4233.00
       2274.00       4204.00
       2250.00       4204.00
       2226.00       4174.00
       2215.00       4174.00
       2179.00       4130.00
       2155.00       4130.00
       2143.00       4115.00
       2143.00       4085.00
       2119.00       4056.00
       2119.00       4041.00
       2095.00       4011.00
       2095.00       3996.00
       2083.00       3981.00
       2071.00       3981.00
       2059.00       3967.00
       2047.00       3967.00
       2023.00       3937.00
       2023.00       3922.00
       1915.00       3789.00
       1915.00       3774.00
       1891.00       3744.00
       1891.00       3730.00
       1820.00       3641.00
       1820.00       3626.00
       1808.00       3611.00
       1808.00       3596.00
       1760.00       3537.00
       1760.00       3507.00
       1736.00       3478.00
       1700.00       3478.00
       1664.00       3433.00
       1652.00       3433.00
       1616.00       3389.00
       1604.00       3389.00
       1592.00       3374.00
       1592.00       3359.00
       1497.00       3241.00
       1497.00       3226.00
       1485.00       3211.00
       1485.00       3093.00
       1473.00       3078.00
       1389.00       3078.00
       1377.00       3063.00
       1377.00       3033.00
       1365.00       3019.00
       1365.00       2989.00
       1317.00       2930.00
       1329.00       2915.00
       1329.00       2870.00
       1341.00       2856.00
       1341.00       2826.00
       1317.00       2796.00
       1305.00       2796.00
       1281.00       2767.00
       1281.00       2693.00
       1269.00       2678.00
       1269.00       2663.00
       1257.00       2648.00
       1281.00       2619.00
       1281.00       2604.00
       1257.00       2574.00
       1257.00       2515.00
       1233.00       2485.00
       1221.00       2485.00
       1197.00       2456.00
       1197.00       2441.00
       1185.00       2426.00
       1185.00       2411.00
       1174.00       2396.00
       1150.00       2396.00
       1138.00       2381.00
       1138.00       2367.00
       1102.00       2322.00
       1102.00       2307.00
       1090.00       2293.00
       1090.00       2263.00
       1042.00       2204.00
       1030.00       2204.00
       1018.00       2189.00
       1006.00       2189.00
        994.00       2174.00
        994.00       2115.00
        982.00       2100.00
        970.00       2100.00
        946.00       2070.00
        922.00       2070.00
        874.00       2011.00
        874.00       1996.00
        826.00       1937.00
        826.00       1922.00
        779.00       1863.00
        755.00       1863.00
        695.00       1789.00
        683.00       1789.00
        671.00       1774.00
        527.00       1774.00
        515.00       1789.00
        372.00       1789.00
        360.00       1774.00
        348.00       1774.00
        312.00       1730.00
        300.00       1730.00
        264.00       1685.00
        264.00       1670.00
        276.00       1656.00
        276.00       1626.00
        324.00       1567.00
        384.00       1567.00
        408.00       1537.00
        491.00       1537.00
        515.00       1507.00
        527.00       1507.00
        539.00       1493.00
        587.00       1493.00
        611.00       1463.00
        635.00       1463.00
        647.00       1448.00
        695.00       1448.00
        707.00       1433.00
        707.00       1419.00
        731.00       1389.00
        731.00       1374.00
        755.00       1344.00
        755.00       1315.00
        731.00       1285.00
        719.00       1285.00
        707.00       1270.00
        695.00       1270.00
        683.00       1256.00
        671.00       1256.00
        659.00       1241.00
        659.00       1226.00
        635.00       1196.00
        647.00       1181.00
        647.00       1137.00
        635.00       1122.00
        623.00       1122.00
        599.00       1093.00
        575.00       1093.00
        551.00       1063.00
        539.00       1063.00
        527.00       1048.00
        527.00       1033.00
        515.00       1019.00
        503.00       1019.00
        491.00       1004.00
        491.00        974.00
        468.00        944.00
        527.00        870.00
        527.00        856.00
        539.00        841.00
        551.00        841.00
        563.00        826.00
        563.00        811.00
        611.00        752.00
        659.00        752.00
        683.00        781.00
        683.00        796.00
        671.00        811.00
        671.00        826.00
        659.00        841.00
        731.00        930.00
        731.00        944.00
        743.00        959.00
        767.00        959.00
        779.00        974.00
        779.00        989.00
        803.00       1019.00
        803.00       1033.00
        815.00       1048.00
        815.00       1078.00
        826.00       1093.00
        826.00       1107.00
        838.00       1122.00
        850.00       1122.00
        862.00       1137.00
        862.00       1152.00
        886.00       1181.00
        886.00       1196.00
        898.00       1211.00
        898.00       1359.00
        910.00       1374.00
        910.00       1389.00
        946.00       1433.00
        946.00       1463.00
        970.00       1493.00
        970.00       1522.00
        982.00       1537.00
        982.00       1581.00
        994.00       1596.00
        994.00       1656.00
        970.00       1685.00
        970.00       1700.00
        958.00       1715.00
        958.00       1759.00
        970.00       1774.00
        970.00       1789.00
       1006.00       1833.00
       1066.00       1833.00
       1090.00       1804.00
       1090.00       1789.00
       1102.00       1774.00
       1102.00       1744.00
       1090.00       1730.00
       1090.00       1715.00
       1078.00       1700.00
       1054.00       1700.00
       1042.00       1685.00
       1042.00       1656.00
       1030.00       1641.00
       1030.00       1611.00
       1018.00       1596.00
       1018.00       1507.00
       1042.00       1478.00
       1066.00       1478.00
       1078.00       1463.00
       1090.00       1463.00
       1162.00       1552.00
       1162.00       1581.00
       1174.00       1596.00
       1197.00       1596.00
       1221.00       1567.00
       1221.00       1507.00
       1209.00       1493.00
       1209.00       1419.00
       1221.00       1404.00
       1245.00       1404.00
       1269.00       1433.00
       1293.00       1404.00
       1329.00       1404.00
       1341.00       1419.00
       1353.00       1404.00
       1353.00       1315.00
       1341.00       1300.00
       1341.00       1256.00
       1329.00       1241.00
       1329.00       1211.00
       1317.00       1196.00
       1317.00       1137.00
       1329.00       1122.00
       1329.00       1048.00
       1341.00       1033.00
       1341.00       1019.00
       1353.00       1004.00
       1365.00       1004.00
       1377.00        989.00
       1377.00        974.00
       1389.00        959.00
       1401.00        959.00
       1425.00        930.00
       1449.00        930.00
       1461.00        944.00
       1461.00       1107.00
       1473.00       1122.00
       1473.00       1137.00
       1485.00       1152.00
       1485.00       1196.00
       1497.00       1211.00
       1497.00       1300.00
       1521.00       1330.00
       1532.00       1330.00
       1568.00       1374.00
       1616.00       1374.00
       1628.00       1359.00
       1640.00       1359.00
       1652.00       1344.00
       1676.00       1374.00
       1700.00       1374.00
       1712.00       1389.00
       1712.00       1419.00
       1736.00       1448.00
       1748.00       1448.00
       1760.00       1463.00
       1760.00       1478.00
       1772.00       1493.00
       1772.00       1507.00
       1784.00       1522.00
       1784.00       1537.00
       1808.00       1567.00
       1808.00       1581.00
       1832.00       1611.00
       1832.00       1656.00
       1808.00       1685.00
       1808.00       1730.00
       1796.00       1744.00
       1796.00       1759.00
       1784.00       1774.00
       1784.00       1848.00
       1796.00       1863.00
       1796.00       1922.00
       1820.00       1952.00
       1868.00       1952.00
       1879.00       1937.00
       1903.00       1937.00
       1915.00       1922.00
       1999.00       1922.00
       2023.00       1893.00
       2131.00       1893.00
       2167.00       1937.00
       2167.00       2011.00
       2155.00       2026.00
       2155.00       2085.00
       2167.00       2100.00
       2167.00       2115.00
       2179.00       2130.00
       2179.00       2159.00
       2191.00       2174.00
       2191.00       2189.00
       2215.00       2219.00
       2215.00       2233.00
       2226.00       2248.00
       2226.00       2278.00
       2274.00       2337.00
       2298.00       2337.00
       2322.00       2367.00
       2334.00       2367.00
       2346.00       2381.00
       2358.00       2381.00
       2370.00       2396.00
       2382.00       2396.00
       2406.00       2426.00
       2418.00       2426.00
       2430.00       2441.00
       2430.00       2456.00
       2442.00       2470.00
       2466.00       2470.00
       2490.00       2500.00
       2502.00       2500.00
       2574.00       2589.00
       2597.00       2589.00
       2609.00       2604.00
       2609.00       2619.00
       2621.00       2633.00
       2621.00       2796.00
       2574.00       2856.00
       2574.00       2989.00
       2562.00       3004.00
       2562.00       3048.00
       2550.00       3063.00
       2550.00       3078.00
       2502.00       3137.00
       2430.00       3137.00
       2418.00       3152.00
       2406.00       3152.00
       2394.00       3167.00
       2370.00       3167.00
       2322.00       3226.00
       2322.00       3256.00
       2346.00       3285.00
       2346.00       3300.00
       2358.00       3315.00
       2382.00       3315.00
       2394.00       3330.00
       2394.00       3344.00
       2406.00       3359.00
       2418.00       3359.00
       2442.00       3389.00
       2502.00       3389.00
       2514.00       3404.00
       2526.00       3404.00
       2538.00       3419.00
       2550.00       3419.00
       2585.00       3463.00
       2585.00       3493.00
       2633.00       3552.00
       2645.00       3552.00
       2657.00       3567.00
       2669.00       3567.00
       2693.00       3596.00
       2705.00       3596.00
       2753.00       3656.00
       2765.00       3656.00
       2813.00       3715.00
       2801.00       3730.00
       2801.00       3907.00
       2777.00       3937.00
       2765.00       3937.00
       2705.00       4011.00
       2705.00       4026.00
       2693.00       4041.00
       2681.00       4041.00
       2657.00       4070.00
       2633.00       4070.00
       2621.00       4085.00
       2621.00       4130.00
       2574.00       4189.00
